start=706.008000
volume=92.000000
