start=2134.768874
speed=2.143589
volume=112.000000
