start=4086.541000
osd-level=3
volume=92.000000
aid=1
sid=1
sub-pos=106
