start=1317.900000
osd-level=3
speed=1.818182
pause=no
volume=92.000000
fullscreen=no
