start=2396.920000
osd-level=3
volume=72.000000
