start=51.550000
osd-level=3
volume=72.000000
