start=293.640000
osd-level=3
volume=190.000000
gamma=-6
brightness=-6
contrast=8
saturation=15
