start=204.800000
osd-level=3
speed=1.771561
volume=142.000000
