start=5456.600000
speed=2.357948
pause=no
volume=132.000000
gamma=-100
contrast=-2
saturation=-5
