start=458.749958
osd-level=3
speed=1.210000
volume=112.000000
