start=184.708000
osd-level=3
speed=2.143589
volume=112.000000
