start=26.667000
osd-level=3
speed=1.331000
volume=152.000000
