start=394.418971
osd-level=3
speed=1.610510
volume=192.000000
sub-visibility=no
