start=6676.683000
volume=122.000000
audio-delay=0.000000
aid=1
sub-scale=1.200000
