start=166.300000
osd-level=3
speed=1.610510
volume=112.000000
