start=1341.658136
osd-level=3
speed=1.610510
volume=112.000000
