start=1295.794500
speed=1.652893
