start=298.600000
osd-level=3
speed=2.143589
volume=107.000000
sid=no
