start=6270.129812
speed=1.610510
volume=112.000000
fullscreen=no
aid=1
sub-visibility=no
