start=67.083855
volume=132.000000
