start=1507.564615
volume=112.000000
