start=1834.965543
volume=92.000000
