start=248.874000
osd-level=3
volume=137.000000
sub-pos=100
sub-scale=0.700000
