start=192.025000
osd-level=3
volume=92.000000
