start=5733.895000
osd-level=3
volume=122.000000
aid=2
sid=2
sub-scale=1.200000
