start=257.424091
pause=no
volume=72.000000
