start=2533.066667
speed=2.143589
volume=112.000000
