start=34.033000
volume=122.000000
