start=285.696968
osd-level=3
speed=1.610510
volume=200.000000
