start=3504.780770
osd-level=3
speed=1.331000
volume=122.000000
