start=143.600000
osd-level=3
volume=72.000000
