start=2375.134000
osd-level=3
speed=1.771561
pause=no
volume=122.000000
