start=1097.399000
osd-level=3
speed=1.610510
volume=142.000000
brightness=-1
