start=265.246962
osd-level=3
volume=182.000000
sid=1
