start=1423.715000
volume=137.000000
sub-scale=0.800000
