start=391.766000
osd-level=3
volume=62.000000
fullscreen=no
aid=1
sid=no
