start=3279.765317
osd-level=3
speed=2.143589
volume=102.000000
