start=5446.301538
osd-level=3
speed=2.143589
volume=162.000000
