start=6.381000
volume=62.000000
gamma=-6
brightness=2
contrast=8
saturation=15
aid=1
sid=1
sub-pos=102
