start=1288.120000
osd-level=3
volume=62.000000
aid=1
sid=1
sub-pos=95
