start=85.466667
osd-level=3
pause=no
volume=200.000000
video-aspect-override=2.350000
