start=1422.714000
volume=122.000000
aid=1
sid=1
sub-scale=0.800000
