start=4444.715742
osd-level=3
speed=2.143589
volume=147.000000
