start=1016.300000
speed=1.948717
volume=102.000000
