start=212.054118
osd-level=3
speed=2.143589
