start=548.047000
osd-level=3
sub-pos=103
sub-scale=0.800000
