start=26.000000
osd-level=3
speed=2.143589
