start=6833.584241
volume=132.000000
gamma=-6
contrast=-1
saturation=15
aid=1
sid=no
