start=58.558559
volume=142.000000
