start=2270.076000
speed=2.143589
volume=192.000000
sid=no
