start=3696.600000
speed=2.143589
pause=no
volume=132.000000
