start=200.855991
osd-level=3
speed=1.100000
