start=189.916667
osd-level=3
volume=162.000000
