start=167.533333
osd-level=3
speed=1.464100
volume=200.000000
audio-delay=0.000000
