start=80.533000
osd-level=3
speed=2.143589
pause=no
