start=5824.160000
osd-level=3
volume=200.000000
gamma=-6
brightness=-6
contrast=8
saturation=15
