start=238.654708
volume=122.000000
