start=55.288118
volume=132.000000
