start=157.680000
pause=no
volume=142.000000
