start=154.366667
osd-level=3
audio-delay=0.000000
