start=1863.240000
osd-level=3
volume=92.000000
aid=1
