start=5903.360000
osd-level=3
pause=no
volume=92.000000
aid=1
