start=216.576000
volume=112.000000
