start=168.338000
osd-level=3
volume=157.000000
aid=1
sid=no
sub-scale=0.500000
