start=7241.172000
osd-level=3
pause=no
volume=132.000000
