start=2208.506300
osd-level=3
speed=1.502630
volume=122.000000
fullscreen=no
video-aspect-override=2.350000
