start=373.798000
osd-level=3
volume=62.000000
