start=417.599358
osd-level=3
speed=2.143589
