start=22.800000
osd-level=3
speed=2.143589
