start=5615.692214
osd-level=3
speed=2.357948
