start=688.022944
osd-level=3
volume=112.000000
