start=2251.767000
osd-level=3
speed=2.593742
pause=no
volume=142.000000
