start=27.840000
volume=142.000000
