start=32.833000
speed=2.000000
fullscreen=no
