start=787.795032
osd-level=3
volume=152.000000
gamma=-6
brightness=-6
contrast=8
saturation=15
