start=5.000000
osd-level=3
volume=102.000000
