start=67.083855
osd-level=3
volume=102.000000
