start=673.631965
volume=122.000000
