start=2469.042802
osd-level=3
speed=2.143589
volume=192.000000
