start=211.835714
osd-level=3
speed=1.331000
volume=162.000000
