start=3270.642000
volume=92.000000
gamma=-6
brightness=-6
contrast=8
saturation=15
sid=1
sub-pos=100
