start=5638.840443
osd-level=3
volume=92.000000
gamma=-6
brightness=-6
contrast=8
saturation=15
aid=1
sid=no
