start=282.382000
pause=no
volume=102.000000
fullscreen=no
video-aspect-override=1.777778
