start=3535.421000
osd-level=3
speed=2.143589
pause=no
volume=92.000000
