start=42.790175
volume=142.000000
