start=1507.807608
volume=102.000000
