start=243.893253
speed=1.210000
volume=152.000000
